70	2.93887
50	2.93887
230	2.93887
60	2.93887
50	2.93887
70	2.93887
80	2.93887
50	2.93887
250	2.93887
100	2.93887
100	2.93887
90	2.93887
150	2.93887
130	2.93887
140	2.93887
310	2.93887
130	2.93887
160	2.93887
130	2.93887
150	2.93887
230	2.93887
210	2.93887
210	2.93887
220	2.93887
210	2.93887
240	2.93887
230	2.93887
260	2.93887
260	2.93887
250	2.93887
310	2.93887
290	2.93887
300	2.93887
290	2.93887
320	2.93887
310	2.93887
290	2.93887
70	2.93887
50	2.93887
230	2.93887
60	2.93887
50	2.93887
70	2.93887
80	2.93887
50	2.93887
250	2.93887
100	2.93887
100	2.93887
90	2.93887
150	2.93887
130	2.93887
140	2.93887
310	2.93887
130	2.93887
160	2.93887
130	2.93887
150	2.93887
230	2.93887
210	2.93887
210	2.93887
220	2.93887
210	2.93887
240	2.93887
230	2.93887
260	2.93887
260	2.93887
250	2.93887
310	2.93887
290	2.93887
300	2.93887
290	2.93887
320	2.93887
310	2.93887
290	2.93887
70	2.93887
50	2.93887
230	2.93887
60	2.93887
50	2.93887
70	2.93887
80	2.93887
50	2.93887
250	2.93887
100	2.93887
100	2.93887
90	2.93887
150	2.93887
130	2.93887
140	2.93887
310	2.93887
130	2.93887
160	2.93887
130	2.93887
150	2.93887
230	2.93887
210	2.93887
210	2.93887
220	2.93887
210	2.93887
240	2.93887
230	2.93887
260	2.93887
260	2.93887
250	2.93887
310	2.93887
290	2.93887
300	2.93887
290	2.93887
320	2.93887
310	2.93887
290	2.93887
